[3716] 2015/01/29 05:59:01.555 API InitInstance 
[3716] 2015/01/29 05:59:05.812 E122828927 連線 Code：0
[3716] 2015/01/29 05:59:06.815 收到 Head 資訊 {Count 2} {Type A } 
[3716] 2015/01/29 05:59:06.816 2300000212596TONNF0200001709003SOITW     TXO09400B5                       g0118999999999                                                         0001    00010000201501280845390000000000000000054g
[3716] 2015/01/29 05:59:06.827 收到 Head 資訊 {Count 2} {Type A } 
[3716] 2015/01/29 05:59:06.828 2300000212596TODNF0200001709003SOITW     TXO09400B5                       g0118000164000                                                         0001    00010000201501280845390000000000000000054g
[3716] 2015/01/29 05:59:06.833 收到 Head 資訊 {Count 2} {Type A } 
[3716] 2015/01/29 05:59:06.834 2300000213000TONNF0200001709003BORTW     TXO08700O5                       g0165+00015000                                                         0005    00050000201501280848060000000000000000054g
[3716] 2015/01/29 05:59:06.838 收到 Head 資訊 {Count 2} {Type A } 
[3716] 2015/01/29 05:59:06.840 2300000213000TODNF0200001709003BORTW     TXO08700O5                       g0165000015000                                                         0005    00050000201501280848060000000000000000054g
[3716] 2015/01/29 05:59:06.844 收到 Head 資訊 {Count 2} {Type C } 
[3716] 2015/01/29 05:59:06.846 收到 Head 資訊 {Count 2} {Type C } 
[3716] 2015/01/29 05:59:06.847 收到 Head 資訊 {Count 2} {Type C } 
[3716] 2015/01/29 05:59:06.849 收到 Head 資訊 {Count 2} {Type C } 
[3716] 2015/01/29 05:59:06.851 收到 Head 資訊 {Count 2} {Type C } 
[3716] 2015/01/29 05:59:06.852 收到 Head 資訊 {Count 2} {Type C } 
[3716] 2015/01/29 05:59:06.854 收到 Head 資訊 {Count 2} {Type C } 
[3716] 2015/01/29 05:59:06.856 收到 Head 資訊 {Count 2} {Type C } 
[3716] 2015/01/29 05:59:06.857 收到 Head 資訊 {Count 2} {Type C } 
[3716] 2015/01/29 05:59:06.859 收到 Head 資訊 {Count 2} {Type C } 
[3716] 2015/01/29 05:59:06.860 收到 Head 資訊 {Count 2} {Type C } 
[3716] 2015/01/29 05:59:06.862 收到 Head 資訊 {Count 2} {Type C } 
[3716] 2015/01/29 05:59:06.863 收到 Head 資訊 {Count 2} {Type C } 
[3716] 2015/01/29 05:59:06.865 收到 Head 資訊 {Count 2} {Type C } 
[3716] 2015/01/29 05:59:06.867 收到 Head 資訊 {Count 2} {Type C } 
[3716] 2015/01/29 05:59:06.868 收到 Head 資訊 {Count 2} {Type C } 
[3716] 2015/01/29 05:59:06.870 收到 Head 資訊 {Count 2} {Type C } 
[3716] 2015/01/29 05:59:06.871 收到 Head 資訊 {Count 2} {Type C } 
[3716] 2015/01/29 05:59:06.873 收到 Head 資訊 {Count 2} {Type C } 
[3716] 2015/01/29 05:59:06.874 收到 Head 資訊 {Count 2} {Type C } 
[3716] 2015/01/29 05:59:06.876 收到 Head 資訊 {Count 2} {Type C } 
[3716] 2015/01/29 05:59:06.877 收到 Head 資訊 {Count 2} {Type C } 
[3716] 2015/01/29 05:59:06.879 收到 Head 資訊 {Count 2} {Type C } 
[3716] 2015/01/29 05:59:06.881 收到 Head 資訊 {Count 2} {Type C } 
[3716] 2015/01/29 05:59:06.882 收到 Head 資訊 {Count 2} {Type C } 
[3716] 2015/01/29 05:59:06.884 收到 Head 資訊 {Count 2} {Type C } 
[3716] 2015/01/29 05:59:06.885 收到 Head 資訊 {Count 2} {Type C } 
[3716] 2015/01/29 05:59:06.887 收到 Head 資訊 {Count 2} {Type C } 
[3716] 2015/01/29 05:59:06.889 收到 Head 資訊 {Count 2} {Type C } 
[3716] 2015/01/29 05:59:06.890 收到 Head 資訊 {Count 2} {Type C } 
[3716] 2015/01/29 05:59:06.892 收到 Head 資訊 {Count 2} {Type C } 
[3716] 2015/01/29 05:59:06.893 收到 Head 資訊 {Count 2} {Type C } 
[3716] 2015/01/29 05:59:06.895 收到 Head 資訊 {Count 2} {Type C } 
[3716] 2015/01/29 05:59:06.897 收到 Head 資訊 {Count 2} {Type C } 
[3716] 2015/01/29 05:59:06.898 收到 Head 資訊 {Count 2} {Type C } 
[3716] 2015/01/29 05:59:06.900 收到 Head 資訊 {Count 2} {Type C } 
[3716] 2015/01/29 05:59:06.901 收到 Head 資訊 {Count 2} {Type C } 
[3716] 2015/01/29 05:59:06.903 收到 Head 資訊 {Count 2} {Type C } 
[3716] 2015/01/29 05:59:06.904 收到 Head 資訊 {Count 2} {Type C } 
[3716] 2015/01/29 05:59:06.906 收到 Head 資訊 {Count 2} {Type C } 
[3716] 2015/01/29 05:59:06.907 收到 Head 資訊 {Count 2} {Type C } 
[3716] 2015/01/29 05:59:06.909 收到 Head 資訊 {Count 2} {Type C } 
[3716] 2015/01/29 05:59:06.911 收到 Head 資訊 {Count 2} {Type C } 
[3716] 2015/01/29 05:59:06.912 收到 Head 資訊 {Count 2} {Type C } 
[3716] 2015/01/29 05:59:06.914 收到 Head 資訊 {Count 2} {Type C } 
[3716] 2015/01/29 05:59:06.916 收到 Head 資訊 {Count 2} {Type C } 
[3716] 2015/01/29 05:59:06.917 收到 Head 資訊 {Count 2} {Type C } 
[3716] 2015/01/29 05:59:06.919 收到 Head 資訊 {Count 2} {Type C } 
[3716] 2015/01/29 05:59:06.920 收到 Head 資訊 {Count 2} {Type C } 
[3716] 2015/01/29 05:59:06.922 收到 Head 資訊 {Count 2} {Type C } 
[3716] 2015/01/29 05:59:06.923 收到 Head 資訊 {Count 2} {Type C } 
[3716] 2015/01/29 05:59:06.925 收到 Head 資訊 {Count 2} {Type C } 
[3716] 2015/01/29 05:59:06.926 收到 Head 資訊 {Count 2} {Type C } 
[3716] 2015/01/29 05:59:06.928 收到 Head 資訊 {Count 2} {Type C } 
[3716] 2015/01/29 05:59:06.930 收到 Head 資訊 {Count 2} {Type C } 
[3716] 2015/01/29 05:59:06.931 收到 Head 資訊 {Count 2} {Type C } 
[3716] 2015/01/29 05:59:06.933 收到 Head 資訊 {Count 2} {Type C } 
[3716] 2015/01/29 05:59:06.934 收到 Head 資訊 {Count 2} {Type C } 
[3716] 2015/01/29 05:59:06.935 收到 Head 資訊 {Count 2} {Type C } 
[3716] 2015/01/29 05:59:06.937 收到 Head 資訊 {Count 2} {Type C } 
[3716] 2015/01/29 05:59:06.938 收到 Head 資訊 {Count 2} {Type C } 
[3716] 2015/01/29 05:59:06.940 收到 Head 資訊 {Count 2} {Type C } 
[3716] 2015/01/29 05:59:06.941 收到 Head 資訊 {Count 2} {Type C } 
[3716] 2015/01/29 05:59:06.942 收到 Head 資訊 {Count 2} {Type C } 
[3716] 2015/01/29 05:59:06.944 收到 Head 資訊 {Count 2} {Type C } 
[3716] 2015/01/29 05:59:06.945 收到 Head 資訊 {Count 2} {Type C } 
[3716] 2015/01/29 05:59:06.947 收到 Head 資訊 {Count 2} {Type C } 
[3716] 2015/01/29 05:59:06.948 收到 Head 資訊 {Count 2} {Type C } 
[3716] 2015/01/29 05:59:06.949 收到 Head 資訊 {Count 2} {Type C } 
[3716] 2015/01/29 05:59:06.951 收到 Head 資訊 {Count 2} {Type C } 
[3716] 2015/01/29 05:59:06.952 收到 Head 資訊 {Count 2} {Type C } 
[3716] 2015/01/29 05:59:06.954 收到 Head 資訊 {Count 2} {Type C } 
[3716] 2015/01/29 05:59:06.955 收到 Head 資訊 {Count 2} {Type C } 
[3716] 2015/01/29 05:59:06.956 收到 Head 資訊 {Count 2} {Type C } 
[3716] 2015/01/29 05:59:06.958 收到 Head 資訊 {Count 2} {Type C } 
[3716] 2015/01/29 05:59:06.959 收到 Head 資訊 {Count 2} {Type C } 
[3716] 2015/01/29 05:59:06.961 收到 Head 資訊 {Count 2} {Type C } 
[3716] 2015/01/29 05:59:06.962 收到 Head 資訊 {Count 2} {Type C } 
[3716] 2015/01/29 05:59:06.964 收到 Head 資訊 {Count 2} {Type C } 
[3716] 2015/01/29 05:59:06.965 收到 Head 資訊 {Count 2} {Type C } 
[3716] 2015/01/29 05:59:06.966 收到 Head 資訊 {Count 2} {Type C } 
[3716] 2015/01/29 05:59:06.968 收到 Head 資訊 {Count 2} {Type C } 
[3716] 2015/01/29 05:59:06.969 收到 Head 資訊 {Count 2} {Type C } 
[3716] 2015/01/29 05:59:06.971 收到 Head 資訊 {Count 2} {Type C } 
[3716] 2015/01/29 05:59:06.972 收到 Head 資訊 {Count 2} {Type C } 
[3716] 2015/01/29 05:59:06.973 收到 Head 資訊 {Count 2} {Type C } 
[3716] 2015/01/29 05:59:06.975 收到 Head 資訊 {Count 2} {Type C } 
[3716] 2015/01/29 05:59:06.976 收到 Head 資訊 {Count 2} {Type C } 
[3716] 2015/01/29 05:59:06.978 收到 Head 資訊 {Count 2} {Type C } 
[3716] 2015/01/29 05:59:06.979 收到 Head 資訊 {Count 2} {Type C } 
[3716] 2015/01/29 05:59:06.980 收到 Head 資訊 {Count 2} {Type C } 
[3716] 2015/01/29 05:59:06.982 收到 Head 資訊 {Count 2} {Type C } 
[3716] 2015/01/29 05:59:06.983 收到 Head 資訊 {Count 2} {Type C } 
[3716] 2015/01/29 05:59:06.985 收到 Head 資訊 {Count 2} {Type C } 
[3716] 2015/01/29 05:59:06.986 收到 Head 資訊 {Count 2} {Type C } 
[3716] 2015/01/29 05:59:06.987 收到 Head 資訊 {Count 2} {Type D } 
[3716] 2015/01/29 05:59:06.989 收到 Head 資訊 {Count 2} {Type D } 
[3716] 2015/01/29 05:59:06.990 收到 Head 資訊 {Count 2} {Type C } 
[3716] 2015/01/29 05:59:06.992 收到 Head 資訊 {Count 2} {Type C } 
[3716] 2015/01/29 05:59:06.993 收到 Head 資訊 {Count 2} {Type C } 
[3716] 2015/01/29 05:59:06.995 收到 Head 資訊 {Count 2} {Type C } 
[3716] 2015/01/29 05:59:06.996 收到 Head 資訊 {Count 2} {Type C } 
[3716] 2015/01/29 05:59:06.997 收到 Head 資訊 {Count 2} {Type C } 
[3716] 2015/01/29 05:59:06.999 收到 Head 資訊 {Count 2} {Type C } 
[3716] 2015/01/29 05:59:07.000 收到 Head 資訊 {Count 2} {Type C } 
[3716] 2015/01/29 05:59:07.002 收到 Head 資訊 {Count 2} {Type C } 
[3716] 2015/01/29 05:59:07.003 收到 Head 資訊 {Count 2} {Type C } 
[3716] 2015/01/29 05:59:07.004 收到 Head 資訊 {Count 2} {Type C } 
[3716] 2015/01/29 05:59:07.006 收到 Head 資訊 {Count 2} {Type C } 
[3716] 2015/01/29 05:59:07.007 收到 Head 資訊 {Count 2} {Type C } 
[3716] 2015/01/29 05:59:07.009 收到 Head 資訊 {Count 2} {Type C } 
[3716] 2015/01/29 05:59:07.010 收到 Head 資訊 {Count 2} {Type C } 
[3716] 2015/01/29 05:59:07.011 收到 Head 資訊 {Count 2} {Type C } 
[3716] 2015/01/29 05:59:07.013 收到 Head 資訊 {Count 2} {Type C } 
[3716] 2015/01/29 05:59:07.014 收到 Head 資訊 {Count 2} {Type C } 
[3716] 2015/01/29 05:59:07.016 收到 Head 資訊 {Count 2} {Type C } 
[3716] 2015/01/29 05:59:07.017 收到 Head 資訊 {Count 2} {Type C } 
[3716] 2015/01/29 05:59:07.018 收到 Head 資訊 {Count 2} {Type C } 
[3716] 2015/01/29 05:59:07.020 收到 Head 資訊 {Count 2} {Type C } 
[3716] 2015/01/29 05:59:07.021 收到 Head 資訊 {Count 2} {Type C } 
[3716] 2015/01/29 05:59:07.023 收到 Head 資訊 {Count 2} {Type C } 
[3716] 2015/01/29 05:59:07.024 收到 Head 資訊 {Count 2} {Type C } 
[3716] 2015/01/29 05:59:07.025 收到 Head 資訊 {Count 2} {Type C } 
[3716] 2015/01/29 05:59:07.027 收到 Head 資訊 {Count 2} {Type C } 
[3716] 2015/01/29 05:59:07.028 收到 Head 資訊 {Count 2} {Type C } 
[3716] 2015/01/29 05:59:07.030 收到 Head 資訊 {Count 2} {Type C } 
[3716] 2015/01/29 05:59:07.031 收到 Head 資訊 {Count 2} {Type C } 
[3716] 2015/01/29 05:59:07.032 收到 Head 資訊 {Count 2} {Type C } 
[3716] 2015/01/29 05:59:07.034 收到 Head 資訊 {Count 2} {Type C } 
[3716] 2015/01/29 05:59:07.035 收到 Head 資訊 {Count 2} {Type C } 
[3716] 2015/01/29 05:59:07.037 收到 Head 資訊 {Count 2} {Type C } 
[3716] 2015/01/29 05:59:07.038 收到 Head 資訊 {Count 2} {Type C } 
[3716] 2015/01/29 05:59:07.039 收到 Head 資訊 {Count 2} {Type C } 
[3716] 2015/01/29 05:59:07.041 收到 Head 資訊 {Count 2} {Type C } 
[3716] 2015/01/29 05:59:07.042 收到 Head 資訊 {Count 2} {Type C } 
[3716] 2015/01/29 05:59:07.044 收到 Head 資訊 {Count 2} {Type C } 
[3716] 2015/01/29 05:59:07.045 收到 Head 資訊 {Count 2} {Type C } 
[3716] 2015/01/29 05:59:07.046 收到 Head 資訊 {Count 2} {Type C } 
[3716] 2015/01/29 05:59:07.048 收到 Head 資訊 {Count 2} {Type C } 
[3716] 2015/01/29 05:59:07.049 收到 Head 資訊 {Count 2} {Type C } 
[3716] 2015/01/29 05:59:07.051 收到 Head 資訊 {Count 2} {Type C } 
[3716] 2015/01/29 05:59:07.052 收到 Head 資訊 {Count 2} {Type C } 
[3716] 2015/01/29 05:59:07.053 收到 Head 資訊 {Count 2} {Type C } 
[3716] 2015/01/29 05:59:07.055 收到 Head 資訊 {Count 2} {Type C } 
[3716] 2015/01/29 05:59:07.056 收到 Head 資訊 {Count 2} {Type C } 
[3716] 2015/01/29 05:59:07.058 收到 Head 資訊 {Count 2} {Type C } 
[3716] 2015/01/29 05:59:07.059 收到 Head 資訊 {Count 2} {Type C } 
[3716] 2015/01/29 05:59:07.060 收到 Head 資訊 {Count 2} {Type C } 
[3716] 2015/01/29 05:59:07.062 收到 Head 資訊 {Count 2} {Type C } 
[3716] 2015/01/29 05:59:07.063 收到 Head 資訊 {Count 2} {Type C } 
[3716] 2015/01/29 05:59:07.065 收到 Head 資訊 {Count 2} {Type C } 
[3716] 2015/01/29 05:59:07.066 收到 Head 資訊 {Count 2} {Type C } 
[3716] 2015/01/29 05:59:07.068 收到 Head 資訊 {Count 2} {Type C } 
[3716] 2015/01/29 05:59:07.069 收到 Head 資訊 {Count 2} {Type C } 
[3716] 2015/01/29 05:59:07.070 收到 Head 資訊 {Count 2} {Type C } 
[3716] 2015/01/29 05:59:07.072 收到 Head 資訊 {Count 2} {Type C } 
[3716] 2015/01/29 05:59:07.073 收到 Head 資訊 {Count 2} {Type C } 
[3716] 2015/01/29 05:59:07.075 收到 Head 資訊 {Count 2} {Type C } 
[3716] 2015/01/29 05:59:07.076 收到 Head 資訊 {Count 2} {Type C } 
[3716] 2015/01/29 05:59:07.077 收到 Head 資訊 {Count 2} {Type C } 
[3716] 2015/01/29 05:59:07.079 收到 Head 資訊 {Count 2} {Type C } 
[3716] 2015/01/29 05:59:07.080 收到 Head 資訊 {Count 2} {Type C } 
[3716] 2015/01/29 05:59:07.082 收到 Head 資訊 {Count 2} {Type C } 
[3716] 2015/01/29 05:59:07.083 收到 Head 資訊 {Count 2} {Type C } 
[3716] 2015/01/29 05:59:07.084 收到 Head 資訊 {Count 2} {Type C } 
[3716] 2015/01/29 05:59:07.086 收到 Head 資訊 {Count 2} {Type C } 
[3716] 2015/01/29 05:59:07.087 收到 Head 資訊 {Count 2} {Type C } 
[3716] 2015/01/29 05:59:07.089 收到 Head 資訊 {Count 2} {Type C } 
[3716] 2015/01/29 05:59:07.090 收到 Head 資訊 {Count 2} {Type C } 
[3716] 2015/01/29 05:59:07.092 收到 Head 資訊 {Count 2} {Type C } 
[3716] 2015/01/29 05:59:07.093 收到 Head 資訊 {Count 2} {Type C } 
[3716] 2015/01/29 05:59:07.095 收到 Head 資訊 {Count 2} {Type C } 
[3716] 2015/01/29 05:59:07.096 收到 Head 資訊 {Count 2} {Type C } 
[3716] 2015/01/29 05:59:07.097 收到 Head 資訊 {Count 2} {Type C } 
[3716] 2015/01/29 05:59:07.099 收到 Head 資訊 {Count 2} {Type C } 
[3716] 2015/01/29 05:59:07.100 收到 Head 資訊 {Count 2} {Type C } 
[3716] 2015/01/29 05:59:07.102 收到 Head 資訊 {Count 2} {Type C } 
[3716] 2015/01/29 05:59:07.103 收到 Head 資訊 {Count 2} {Type C } 
[3716] 2015/01/29 05:59:07.105 收到 Head 資訊 {Count 2} {Type C } 
[3716] 2015/01/29 05:59:07.106 收到 Head 資訊 {Count 2} {Type C } 
[3716] 2015/01/29 05:59:07.107 收到 Head 資訊 {Count 2} {Type C } 
[3716] 2015/01/29 05:59:07.109 收到 Head 資訊 {Count 2} {Type C } 
[3716] 2015/01/29 05:59:07.110 收到 Head 資訊 {Count 2} {Type C } 
[3716] 2015/01/29 05:59:07.112 收到 Head 資訊 {Count 2} {Type C } 
[3716] 2015/01/29 05:59:07.113 收到 Head 資訊 {Count 2} {Type C } 
[3716] 2015/01/29 05:59:07.115 收到 Head 資訊 {Count 2} {Type C } 
[3716] 2015/01/29 05:59:07.116 收到 Head 資訊 {Count 2} {Type C } 
[3716] 2015/01/29 05:59:07.117 收到 Head 資訊 {Count 2} {Type C } 
[3716] 2015/01/29 05:59:07.119 收到 Head 資訊 {Count 2} {Type C } 
[3716] 2015/01/29 05:59:07.120 收到 Head 資訊 {Count 2} {Type C } 
[3716] 2015/01/29 05:59:07.122 收到 Head 資訊 {Count 2} {Type C } 
[3716] 2015/01/29 05:59:07.123 收到 Head 資訊 {Count 2} {Type C } 
[3716] 2015/01/29 05:59:07.124 收到 Head 資訊 {Count 2} {Type C } 
[3716] 2015/01/29 05:59:07.126 收到 Head 資訊 {Count 2} {Type C } 
[3716] 2015/01/29 05:59:07.127 收到 Head 資訊 {Count 2} {Type C } 
[3716] 2015/01/29 05:59:07.129 收到 Head 資訊 {Count 2} {Type C } 
[3716] 2015/01/29 05:59:07.130 收到 Head 資訊 {Count 2} {Type C } 
[3716] 2015/01/29 05:59:07.131 收到 Head 資訊 {Count 2} {Type C } 
[3716] 2015/01/29 05:59:07.133 收到 Head 資訊 {Count 2} {Type C } 
[3716] 2015/01/29 05:59:07.134 收到 Head 資訊 {Count 2} {Type C } 
[3716] 2015/01/29 05:59:07.136 收到 Head 資訊 {Count 2} {Type C } 
[3716] 2015/01/29 05:59:07.137 收到 Head 資訊 {Count 2} {Type C } 
[3716] 2015/01/29 05:59:07.139 收到 Head 資訊 {Count 2} {Type C } 
[3716] 2015/01/29 05:59:07.140 收到 Head 資訊 {Count 2} {Type C } 
[3716] 2015/01/29 05:59:07.141 收到 Head 資訊 {Count 2} {Type C } 
[3716] 2015/01/29 05:59:07.143 收到 Head 資訊 {Count 2} {Type C } 
[3716] 2015/01/29 05:59:07.144 收到 Head 資訊 {Count 2} {Type C } 
[3716] 2015/01/29 05:59:07.146 收到 Head 資訊 {Count 2} {Type C } 
[3716] 2015/01/29 05:59:07.147 收到 Head 資訊 {Count 2} {Type C } 
[3716] 2015/01/29 05:59:07.149 收到 Head 資訊 {Count 2} {Type C } 
[3716] 2015/01/29 05:59:07.151 收到 Head 資訊 {Count 2} {Type C } 
[3716] 2015/01/29 05:59:07.152 收到 Head 資訊 {Count 2} {Type C } 
[3716] 2015/01/29 05:59:07.153 收到 Head 資訊 {Count 2} {Type C } 
[3716] 2015/01/29 05:59:07.155 收到 Head 資訊 {Count 2} {Type C } 
[3716] 2015/01/29 05:59:07.156 收到 Head 資訊 {Count 2} {Type C } 
[3716] 2015/01/29 05:59:07.158 收到 Head 資訊 {Count 2} {Type C } 
[3716] 2015/01/29 05:59:07.159 收到 Head 資訊 {Count 2} {Type C } 
[3716] 2015/01/29 05:59:07.161 收到 Head 資訊 {Count 2} {Type C } 
[3716] 2015/01/29 05:59:07.162 收到 Head 資訊 {Count 2} {Type C } 
[3716] 2015/01/29 05:59:07.163 收到 Head 資訊 {Count 2} {Type C } 
[3716] 2015/01/29 05:59:07.165 收到 Head 資訊 {Count 2} {Type C } 
[3716] 2015/01/29 05:59:07.166 收到 Head 資訊 {Count 2} {Type C } 
[3716] 2015/01/29 05:59:07.168 收到 Head 資訊 {Count 2} {Type C } 
[3716] 2015/01/29 05:59:07.169 收到 Head 資訊 {Count 2} {Type C } 
[3716] 2015/01/29 05:59:07.171 收到 Head 資訊 {Count 2} {Type C } 
[3716] 2015/01/29 05:59:07.172 收到 Head 資訊 {Count 2} {Type C } 
[3716] 2015/01/29 05:59:07.174 收到 Head 資訊 {Count 2} {Type C } 
[3716] 2015/01/29 05:59:07.175 收到 Head 資訊 {Count 2} {Type C } 
[3716] 2015/01/29 05:59:07.177 收到 Head 資訊 {Count 2} {Type C } 
[3716] 2015/01/29 05:59:07.178 收到 Head 資訊 {Count 2} {Type C } 
[3716] 2015/01/29 05:59:07.180 收到 Head 資訊 {Count 2} {Type C } 
[3716] 2015/01/29 05:59:07.181 收到 Head 資訊 {Count 2} {Type C } 
[3716] 2015/01/29 05:59:07.183 收到 Head 資訊 {Count 2} {Type C } 
[3716] 2015/01/29 05:59:07.184 收到 Head 資訊 {Count 2} {Type C } 
[3716] 2015/01/29 05:59:07.186 收到 Head 資訊 {Count 2} {Type C } 
[3716] 2015/01/29 05:59:07.187 收到 Head 資訊 {Count 2} {Type C } 
[3716] 2015/01/29 05:59:07.189 收到 Head 資訊 {Count 2} {Type C } 
[3716] 2015/01/29 05:59:07.190 收到 Head 資訊 {Count 2} {Type C } 
[3716] 2015/01/29 05:59:07.192 收到 Head 資訊 {Count 2} {Type C } 
[3716] 2015/01/29 05:59:07.193 收到 Head 資訊 {Count 2} {Type C } 
[3716] 2015/01/29 05:59:07.195 收到 Head 資訊 {Count 2} {Type C } 
[3716] 2015/01/29 05:59:07.196 收到 Head 資訊 {Count 2} {Type C } 
[3716] 2015/01/29 05:59:07.198 收到 Head 資訊 {Count 2} {Type C } 
[3716] 2015/01/29 05:59:07.199 收到 Head 資訊 {Count 2} {Type C } 
[3716] 2015/01/29 05:59:07.201 收到 Head 資訊 {Count 2} {Type C } 
[3716] 2015/01/29 05:59:07.202 收到 Head 資訊 {Count 2} {Type C } 
[3716] 2015/01/29 05:59:07.204 收到 Head 資訊 {Count 2} {Type C } 
[3716] 2015/01/29 05:59:07.205 收到 Head 資訊 {Count 2} {Type C } 
[3716] 2015/01/29 05:59:07.207 收到 Head 資訊 {Count 2} {Type C } 
[3716] 2015/01/29 05:59:07.208 收到 Head 資訊 {Count 2} {Type C } 
[3716] 2015/01/29 05:59:07.209 收到 Head 資訊 {Count 2} {Type C } 
[3716] 2015/01/29 05:59:07.211 收到 Head 資訊 {Count 2} {Type C } 
[3716] 2015/01/29 05:59:07.212 收到 Head 資訊 {Count 2} {Type C } 
[3716] 2015/01/29 05:59:07.214 收到 Head 資訊 {Count 2} {Type C } 
[3716] 2015/01/29 05:59:07.215 收到 Head 資訊 {Count 2} {Type C } 
[3716] 2015/01/29 05:59:07.217 收到 Head 資訊 {Count 2} {Type C } 
[3716] 2015/01/29 05:59:07.218 收到 Head 資訊 {Count 2} {Type C } 
[3716] 2015/01/29 05:59:07.220 收到 Head 資訊 {Count 2} {Type C } 
[3716] 2015/01/29 05:59:07.221 收到 Head 資訊 {Count 2} {Type C } 
[3716] 2015/01/29 05:59:07.222 收到 Head 資訊 {Count 2} {Type C } 
[3716] 2015/01/29 05:59:07.224 收到 Head 資訊 {Count 2} {Type C } 
[3716] 2015/01/29 05:59:07.225 收到 Head 資訊 {Count 2} {Type C } 
[3716] 2015/01/29 05:59:07.227 收到 Head 資訊 {Count 2} {Type C } 
[3716] 2015/01/29 05:59:07.228 收到 Head 資訊 {Count 2} {Type C } 
[3716] 2015/01/29 05:59:07.230 收到 Head 資訊 {Count 2} {Type C } 
[3716] 2015/01/29 05:59:07.231 收到 Head 資訊 {Count 2} {Type C } 
[3716] 2015/01/29 05:59:07.233 收到 Head 資訊 {Count 2} {Type C } 
[3716] 2015/01/29 05:59:07.234 收到 Head 資訊 {Count 2} {Type C } 
[3716] 2015/01/29 05:59:07.236 收到 Head 資訊 {Count 2} {Type C } 
[3716] 2015/01/29 05:59:07.237 收到 Head 資訊 {Count 2} {Type C } 
[3716] 2015/01/29 05:59:07.239 收到 Head 資訊 {Count 2} {Type C } 
[3716] 2015/01/29 05:59:07.240 收到 Head 資訊 {Count 2} {Type C } 
[3716] 2015/01/29 05:59:07.241 收到 Head 資訊 {Count 2} {Type C } 
[3716] 2015/01/29 05:59:07.243 收到 Head 資訊 {Count 2} {Type C } 
[3716] 2015/01/29 05:59:07.244 收到 Head 資訊 {Count 2} {Type C } 
[3716] 2015/01/29 05:59:07.246 收到 Head 資訊 {Count 2} {Type C } 
[3716] 2015/01/29 05:59:07.247 收到 Head 資訊 {Count 2} {Type C } 
[3716] 2015/01/29 05:59:07.249 收到 Head 資訊 {Count 2} {Type C } 
[3716] 2015/01/29 05:59:07.250 收到 Head 資訊 {Count 2} {Type C } 
[3716] 2015/01/29 05:59:07.252 收到 Head 資訊 {Count 2} {Type C } 
[3716] 2015/01/29 05:59:07.253 收到 Head 資訊 {Count 2} {Type C } 
[3716] 2015/01/29 05:59:07.255 收到 Head 資訊 {Count 2} {Type C } 
[3716] 2015/01/29 05:59:07.256 收到 Head 資訊 {Count 2} {Type C } 
[3716] 2015/01/29 05:59:07.258 收到 Head 資訊 {Count 2} {Type C } 
[3716] 2015/01/29 05:59:07.259 收到 Head 資訊 {Count 2} {Type C } 
[3716] 2015/01/29 05:59:07.261 收到 Head 資訊 {Count 2} {Type C } 
[3716] 2015/01/29 05:59:07.262 收到 Head 資訊 {Count 2} {Type C } 
[3716] 2015/01/29 05:59:07.263 收到 Head 資訊 {Count 2} {Type C } 
[3716] 2015/01/29 05:59:07.265 收到 Head 資訊 {Count 2} {Type C } 
[3716] 2015/01/29 05:59:07.266 收到 Head 資訊 {Count 2} {Type C } 
[3716] 2015/01/29 05:59:07.268 收到 Head 資訊 {Count 2} {Type C } 
[3716] 2015/01/29 05:59:07.269 收到 Head 資訊 {Count 2} {Type C } 
[3716] 2015/01/29 05:59:07.271 收到 Head 資訊 {Count 2} {Type C } 
[3716] 2015/01/29 05:59:07.272 收到 Head 資訊 {Count 2} {Type C } 
[3716] 2015/01/29 05:59:07.274 收到 Head 資訊 {Count 2} {Type C } 
[3716] 2015/01/29 05:59:07.275 收到 Head 資訊 {Count 2} {Type C } 
[3716] 2015/01/29 05:59:07.277 收到 Head 資訊 {Count 2} {Type C } 
[3716] 2015/01/29 05:59:07.278 收到 Head 資訊 {Count 2} {Type C } 
[3716] 2015/01/29 05:59:07.279 收到 Head 資訊 {Count 2} {Type C } 
[3716] 2015/01/29 05:59:07.281 收到 Head 資訊 {Count 2} {Type C } 
[3716] 2015/01/29 05:59:07.282 收到 Head 資訊 {Count 2} {Type C } 
[3716] 2015/01/29 05:59:07.284 收到 Head 資訊 {Count 2} {Type C } 
[3716] 2015/01/29 05:59:07.285 收到 Head 資訊 {Count 2} {Type C } 
[3716] 2015/01/29 05:59:07.287 收到 Head 資訊 {Count 2} {Type C } 
[3716] 2015/01/29 05:59:07.288 收到 Head 資訊 {Count 2} {Type C } 
[3716] 2015/01/29 05:59:07.290 收到 Head 資訊 {Count 2} {Type C } 
[3716] 2015/01/29 05:59:07.291 收到 Head 資訊 {Count 2} {Type C } 
[3716] 2015/01/29 05:59:07.293 收到 Head 資訊 {Count 2} {Type C } 
[3716] 2015/01/29 05:59:07.294 收到 Head 資訊 {Count 2} {Type C } 
[3716] 2015/01/29 05:59:07.296 收到 Head 資訊 {Count 2} {Type C } 
[3716] 2015/01/29 05:59:07.297 收到 Head 資訊 {Count 2} {Type C } 
[3716] 2015/01/29 05:59:07.299 收到 Head 資訊 {Count 2} {Type C } 
[3716] 2015/01/29 05:59:07.300 收到 Head 資訊 {Count 2} {Type C } 
[3716] 2015/01/29 05:59:07.302 收到 Head 資訊 {Count 2} {Type C } 
[3716] 2015/01/29 05:59:07.303 收到 Head 資訊 {Count 2} {Type C } 
[3716] 2015/01/29 05:59:07.305 收到 Head 資訊 {Count 2} {Type C } 
[3716] 2015/01/29 05:59:07.306 收到 Head 資訊 {Count 2} {Type C } 
[3716] 2015/01/29 05:59:07.308 收到 Head 資訊 {Count 2} {Type C } 
[3716] 2015/01/29 05:59:07.309 收到 Head 資訊 {Count 2} {Type C } 
[3716] 2015/01/29 05:59:07.311 收到 Head 資訊 {Count 2} {Type C } 
[3716] 2015/01/29 05:59:07.312 收到 Head 資訊 {Count 2} {Type C } 
[3716] 2015/01/29 05:59:07.314 收到 Head 資訊 {Count 2} {Type C } 
[3716] 2015/01/29 05:59:07.315 收到 Head 資訊 {Count 2} {Type C } 
[3716] 2015/01/29 05:59:07.317 收到 Head 資訊 {Count 2} {Type C } 
[3716] 2015/01/29 05:59:07.318 收到 Head 資訊 {Count 2} {Type C } 
[3716] 2015/01/29 05:59:07.320 收到 Head 資訊 {Count 2} {Type C } 
[3716] 2015/01/29 05:59:07.321 收到 Head 資訊 {Count 2} {Type C } 
[3716] 2015/01/29 05:59:07.323 收到 Head 資訊 {Count 2} {Type C } 
[3716] 2015/01/29 05:59:07.324 收到 Head 資訊 {Count 2} {Type C } 
[3716] 2015/01/29 05:59:07.325 收到 Head 資訊 {Count 2} {Type C } 
[3716] 2015/01/29 05:59:07.327 收到 Head 資訊 {Count 2} {Type C } 
[3716] 2015/01/29 05:59:07.328 收到 Head 資訊 {Count 2} {Type C } 
[3716] 2015/01/29 05:59:07.330 收到 Head 資訊 {Count 2} {Type C } 
[3716] 2015/01/29 05:59:07.331 收到 Head 資訊 {Count 2} {Type C } 
[3716] 2015/01/29 05:59:07.333 收到 Head 資訊 {Count 2} {Type C } 
[3716] 2015/01/29 05:59:07.334 收到 Head 資訊 {Count 2} {Type C } 
[3716] 2015/01/29 05:59:07.336 收到 Head 資訊 {Count 2} {Type C } 
[3716] 2015/01/29 05:59:07.337 收到 Head 資訊 {Count 2} {Type C } 
[3716] 2015/01/29 05:59:07.339 收到 Head 資訊 {Count 2} {Type C } 
[3716] 2015/01/29 05:59:07.340 收到 Head 資訊 {Count 2} {Type C } 
[3716] 2015/01/29 05:59:07.342 收到 Head 資訊 {Count 2} {Type C } 
[3716] 2015/01/29 05:59:07.343 收到 Head 資訊 {Count 2} {Type C } 
[3716] 2015/01/29 05:59:07.345 收到 Head 資訊 {Count 2} {Type C } 
[3716] 2015/01/29 05:59:07.346 收到 Head 資訊 {Count 2} {Type C } 
[3716] 2015/01/29 05:59:07.348 收到 Head 資訊 {Count 2} {Type C } 
[3716] 2015/01/29 05:59:07.349 收到 Head 資訊 {Count 2} {Type C } 
[3716] 2015/01/29 05:59:07.350 收到 Head 資訊 {Count 2} {Type C } 
[3716] 2015/01/29 05:59:07.352 收到 Head 資訊 {Count 2} {Type C } 
[3716] 2015/01/29 05:59:07.353 收到 Head 資訊 {Count 2} {Type C } 
[3716] 2015/01/29 05:59:07.355 收到 Head 資訊 {Count 2} {Type C } 
[3716] 2015/01/29 05:59:07.356 收到 Head 資訊 {Count 2} {Type C } 
[3716] 2015/01/29 05:59:07.358 收到 Head 資訊 {Count 2} {Type C } 
[3716] 2015/01/29 05:59:07.359 收到 Head 資訊 {Count 2} {Type C } 
[3716] 2015/01/29 05:59:07.360 收到 Head 資訊 {Count 2} {Type C } 
[3716] 2015/01/29 05:59:07.362 收到 Head 資訊 {Count 2} {Type C } 
[3716] 2015/01/29 05:59:07.363 收到 Head 資訊 {Count 2} {Type C } 
[3716] 2015/01/29 05:59:07.365 收到 Head 資訊 {Count 2} {Type C } 
[3716] 2015/01/29 05:59:07.366 收到 Head 資訊 {Count 2} {Type C } 
[3716] 2015/01/29 05:59:07.368 收到 Head 資訊 {Count 2} {Type C } 
[3716] 2015/01/29 05:59:07.369 收到 Head 資訊 {Count 2} {Type C } 
[3716] 2015/01/29 05:59:07.371 收到 Head 資訊 {Count 2} {Type C } 
[3716] 2015/01/29 05:59:07.372 收到 Head 資訊 {Count 2} {Type C } 
[3716] 2015/01/29 05:59:07.374 收到 Head 資訊 {Count 2} {Type C } 
[3716] 2015/01/29 05:59:07.375 收到 Head 資訊 {Count 2} {Type C } 
[3716] 2015/01/29 05:59:07.376 收到 Head 資訊 {Count 2} {Type C } 
[3716] 2015/01/29 05:59:07.378 收到 Head 資訊 {Count 2} {Type C } 
[3716] 2015/01/29 05:59:07.379 收到 Head 資訊 {Count 2} {Type C } 
[3716] 2015/01/29 05:59:07.381 收到 Head 資訊 {Count 2} {Type C } 
[3716] 2015/01/29 05:59:07.382 收到 Head 資訊 {Count 2} {Type C } 
[3716] 2015/01/29 05:59:07.384 收到 Head 資訊 {Count 2} {Type B } 
[5116] 2015/01/29 21:16:06.934 API InitInstance 
[5116] 2015/01/29 21:16:11.475 E122828927 連線 Code：0
[4456] 2015/01/29 21:17:38.247 API InitInstance 
